2 0.035312 0.038991 0.070625 0.077982
0 0.182812 0.003440 0.020625 0.006881
0 0.903750 0.023509 0.002500 0.005734
0 0.137187 0.032683 0.015625 0.008028
2 0.101562 0.051606 0.038125 0.043578
0 0.237187 0.033830 0.003125 0.008028
0 0.158125 0.034404 0.007500 0.002294
0 0.089375 0.042431 0.013750 0.006881
0 0.047813 0.054472 0.004375 0.010321
0 0.030625 0.065940 0.003750 0.005734
0 0.097812 0.069954 0.010625 0.006881
0 0.159688 0.088876 0.005625 0.005734
0 0.130312 0.102638 0.008125 0.003440
0 0.191562 0.113532 0.016875 0.006881
1 0.070938 0.153096 0.005625 0.012615
0 0.090938 0.155963 0.011875 0.006881
1 0.076875 0.160550 0.020000 0.013761
1 0.059375 0.161697 0.012500 0.011468
2 0.189375 0.244839 0.033750 0.145642
0 0.633437 0.224197 0.004375 0.067661
0 0.043437 0.257454 0.003125 0.021789
0 0.285625 0.248853 0.002500 0.004587
0 0.100000 0.252867 0.003750 0.008028
1 0.632500 0.278096 0.006250 0.037844
1 0.131250 0.270069 0.020000 0.014908
0 0.670000 0.275803 0.003750 0.008028
1 0.663750 0.284404 0.006250 0.018349
1 0.055938 0.287844 0.009375 0.016055
0 0.078437 0.290138 0.006875 0.002294
0 0.018125 0.309060 0.006250 0.003440
1 0.127188 0.315367 0.021875 0.016055
0 0.638125 0.319954 0.002500 0.011468
0 0.047500 0.323394 0.006250 0.006881
0 0.603125 0.329702 0.002500 0.010321
0 0.119063 0.329702 0.005625 0.003440
2 0.826875 0.355505 0.017500 0.050459
0 0.605000 0.353784 0.002500 0.033257
0 0.946250 0.365252 0.002500 0.010321
0 0.015625 0.366399 0.003750 0.005734
1 0.097500 0.370413 0.021250 0.009174
0 0.012500 0.378440 0.016250 0.006881
0 0.049063 0.380734 0.013125 0.006881
0 0.011875 0.385894 0.015000 0.003440
1 0.011562 0.395069 0.014375 0.012615
1 0.089375 0.398509 0.008750 0.014908
0 0.063750 0.397936 0.006250 0.006881
1 0.081250 0.404243 0.006250 0.019495
0 0.085938 0.407110 0.004375 0.009174
0 0.081250 0.439220 0.003750 0.004587
0 0.636875 0.472477 0.003750 0.011468
1 0.094062 0.483372 0.020625 0.010321
1 0.101250 0.493693 0.006250 0.021789
1 0.092188 0.494839 0.010625 0.014908
0 0.084687 0.493119 0.001875 0.009174
0 0.103438 0.499427 0.001875 0.008028
0 0.087813 0.501720 0.008125 0.005734
2 0.557187 0.531537 0.018125 0.060780
0 0.060625 0.511468 0.006250 0.004587
0 0.022187 0.520069 0.005625 0.005734
0 0.520625 0.524083 0.002500 0.004587
0 0.023438 0.525803 0.003125 0.005734
2 0.505313 0.561353 0.016875 0.056193
1 0.041563 0.587156 0.013125 0.013761
0 0.020313 0.587156 0.008125 0.004587
1 0.022500 0.593463 0.022500 0.017202
1 0.042188 0.597477 0.011875 0.011468
0 0.002812 0.606651 0.005625 0.004587
1 0.056250 0.610092 0.015000 0.009174
1 0.032188 0.623853 0.018125 0.011468
0 0.038125 0.625000 0.006250 0.004587
0 0.006250 0.638188 0.012500 0.008028
0 0.930312 0.645642 0.004375 0.009174
1 0.922188 0.658830 0.006875 0.010321
1 0.938125 0.658830 0.005000 0.010321
0 0.683750 0.676606 0.003750 0.006881
1 0.536250 0.727638 0.010000 0.044725
0 0.997188 0.715023 0.005625 0.005734
1 0.915937 0.723624 0.008125 0.013761
1 0.996250 0.727064 0.007500 0.022936
1 0.538750 0.752867 0.008750 0.014908
0 0.525312 0.784404 0.001875 0.011468
1 0.756250 0.801032 0.005000 0.010321
2 0.653750 0.963876 0.073750 0.072248
0 0.705625 0.946101 0.005000 0.004587
0 0.932813 0.947248 0.003125 0.006881
1 0.996563 0.960436 0.006875 0.024083
0 0.850313 0.964450 0.003125 0.006881
0 0.958438 0.973050 0.003125 0.005734
1 0.955625 0.978784 0.007500 0.012615